Matrix 
 [[ 1 -1  4]
 [ 1  4 -2]
 [ 1  4  2]
 [ 1 -1  0]]
1 time: 
 Q1=[[-0.5      -0.5      -0.5      -0.5     ]
 [-0.5       0.833333 -0.166667 -0.166667]
 [-0.5      -0.166667  0.833333 -0.166667]
 [-0.5      -0.166667 -0.166667  0.833333]], 
 R1=[[-2.       -3.       -2.      ]
 [ 0.        3.333333 -4.      ]
 [ 0.        3.333333  0.      ]
 [ 0.       -1.666667 -2.      ]]
2 time: 
 Q2=[[-0.5       0.5      -0.1      -0.7     ]
 [-0.5      -0.5      -0.7       0.1     ]
 [-0.5      -0.5       0.7      -0.1     ]
 [-0.5       0.5       0.1       0.699999]], 
 R2=[[-2.  -3.  -2. ]
 [ 0.  -5.   2. ]
 [ 0.   0.   2.4]
 [ 0.  -0.  -3.2]]
3 time: 
 Q3=[[-0.5       0.5      -0.5      -0.5     ]
 [-0.5      -0.5       0.5      -0.5     ]
 [-0.5      -0.5      -0.5       0.5     ]
 [-0.5       0.5       0.499999  0.499999]], 
 R3=[[-2. -3. -2.]
 [ 0. -5.  2.]
 [ 0.  0. -4.]
 [ 0.  0. -0.]]

Final Result:
R matrix
[[-2. -3. -2.]
 [ 0. -5.  2.]
 [ 0.  0. -4.]
 [ 0.  0. -0.]] 

Q matrix
[[-0.5       0.5      -0.5      -0.5     ]
 [-0.5      -0.5       0.5      -0.5     ]
 [-0.5      -0.5      -0.5       0.5     ]
 [-0.5       0.5       0.499999  0.499999]] 

Q X R=A
[[ 1. -1.  4.]
 [ 1.  4. -2.]
 [ 1.  4.  2.]
 [ 1. -1.  0.]]

C matrix
[-2.  2. -4.] 
