n:2,		error_percentage=0.0000%,
 x_head=[1. 1.],
x_delta=[-4.44089210e-16  6.66133815e-16],
r=[0.0, 0.0],

n:3,		error_percentage=0.0000%,
 x_head=[1. 1. 1.],
x_delta=[ 2.10942375e-15 -1.22124533e-14  1.25455202e-14],
r=[2.220446049250313e-16, 0.0, 0.0],

n:4,		error_percentage=0.0000%,
 x_head=[1. 1. 1. 1.],
x_delta=[-4.21884749e-15  5.11812814e-14 -1.21458399e-13  7.77156117e-14],
r=[0.0, 0.0, 1.1102230246251565e-16, 0.0],

n:5,		error_percentage=0.0000%,
 x_head=[1. 1. 1. 1. 1.],
x_delta=[ 3.45279361e-14 -5.23359134e-13  1.93722816e-12 -2.59126054e-12
  1.14752652e-12],
r=[0.0, 2.220446049250313e-16, 0.0, 1.1102230246251565e-16, 1.1102230246251565e-16],

n:6,		error_percentage=0.0000%,
 x_head=[1. 1. 1. 1. 1. 1.],
x_delta=[ 4.64517314e-13 -1.27049482e-11  8.35800318e-11 -2.13027596e-10
  2.31531239e-10 -9.01261288e-11],
r=[0.0, 2.220446049250313e-16, 0.0, 0.0, 0.0, 0.0],

n:7,		error_percentage=0.0000%,
 x_head=[1.         1.         1.         1.         0.99999999 1.00000001
 1.        ],
x_delta=[ 2.57227573e-12 -1.00343067e-10  9.50778789e-10 -3.65009534e-09
  6.62636612e-09 -5.68115621e-09  1.85348381e-09],
r=[0.0, 2.220446049250313e-16, 0.0, 0.0, 0.0, 0.0, 1.1102230246251565e-16],

n:8,		error_percentage=0.0000%,
 x_head=[1.         1.         1.00000001 0.99999992 1.00000021 0.99999971
 1.00000021 0.99999994],
x_delta=[-1.90305549e-11  1.04633868e-09 -1.38667877e-08  7.57590687e-08
 -2.05294549e-07  2.91850509e-07 -2.08426704e-07  5.89660704e-08],
r=[0.0, 0.0, 0.0, 0.0, 0.0, 0.0, 0.0, 0.0],

n:9,		error_percentage=0.0000%,
 x_head=[1.         1.         1.         0.99999999 1.00000005 0.9999999
 1.00000011 0.99999994 1.00000002],
x_delta=[-1.67976744e-12  1.26752497e-10 -2.14501505e-09  1.48548058e-08
 -5.22606887e-08  1.01953620e-07 -1.11811898e-07  6.45567594e-08
 -1.52729225e-08],
r=[4.440892098500626e-16, 0.0, 0.0, 0.0, 0.0, 1.1102230246251565e-16, 1.1102230246251565e-16, 0.0, 0.0],

n:10,		error_percentage=0.0090%,
 x_head=[1.         0.99999998 1.00000048 0.9999957  1.00002028 0.99994479
 1.00008985 0.99991378 1.00004499 0.99999016],
x_delta=[-2.70337530e-10  2.28805500e-08 -4.79339360e-07  4.29901056e-06
 -2.02754887e-05  5.52090137e-05 -8.98467591e-05  8.62177347e-05
 -4.49865405e-05  9.83991626e-06],
r=[-4.440892098500626e-16, -4.440892098500626e-16, -2.220446049250313e-16, -2.220446049250313e-16, -2.220446049250313e-16, 0.0, -1.1102230246251565e-16, -2.220446049250313e-16, -1.1102230246251565e-16, 0.0],

n:11,		error_percentage=0.4902%,
 x_head=[1.         0.99999974 1.00000683 0.99992289 1.00046289 0.99836282
 1.00358169 0.99509816 1.0040848  0.99810497 1.0003752 ],
x_delta=[-2.42871190e-09  2.59526354e-07 -6.82732399e-06  7.71077926e-05
 -4.62888126e-04  1.63717672e-03 -3.58169048e-03  4.90183739e-03
 -4.08480287e-03  1.89502692e-03 -3.75198790e-04],
r=[0.0, 0.0, 2.220446049250313e-16, 0.0, 0.0, 0.0, 1.1102230246251565e-16, 1.1102230246251565e-16, 0.0, 0.0, 0.0],

n:12,		error_percentage=42.4363%,
 x_head=[0.99999996 1.0000055  0.99982903 1.00230657 0.98323605 1.07309801
 0.79770661 1.3639583  0.57563685 1.30925503 0.87200117 1.02296695],
x_delta=[ 4.39618256e-08 -5.49842114e-06  1.70965955e-04 -2.30657482e-03
  1.67639514e-02 -7.30980110e-02  2.02293386e-01 -3.63958295e-01
  4.24363155e-01 -3.09255029e-01  1.27998833e-01 -2.29669512e-02],
r=[0.0, 0.0, -2.220446049250313e-16, -2.220446049250313e-16, -2.220446049250313e-16, -2.220446049250313e-16, 0.0, -1.1102230246251565e-16, -1.1102230246251565e-16, 0.0, 0.0, 0.0],

n:13,		error_percentage=650.6805%,
 x_head=[ 1.00000008  0.99998684  1.00053195  0.99082066  1.08478221  0.52951163
  2.672717   -2.94090593  7.22125667 -5.50680528  5.32523924 -0.65427793
  1.27714297],
x_delta=[-7.85743586e-08  1.31632561e-05 -5.31951013e-04  9.17933554e-03
 -8.47822111e-02  4.70488369e-01 -1.67271700e+00  3.94090593e+00
 -6.22125667e+00  6.50680528e+00 -4.32523924e+00  1.65427793e+00
 -2.77142968e-01],
r=[4.440892098500626e-16, 0.0, 0.0, 0.0, 0.0, 0.0, 2.220446049250313e-16, -2.220446049250313e-16, 0.0, 2.220446049250313e-16, 2.220446049250313e-16, 0.0, 2.220446049250313e-16],

n		r_norm				Cond(H)		
2		0.0000e+00				27.0000
3		2.2204e-16				748.0000
4		1.1102e-16				28375.0000
5		2.2204e-16				943656.0000
6		2.2204e-16				29070279.0038
7		2.2204e-16				985194889.5778
8		0.0000e+00				33872792385.9245
9		4.4409e-16				1099651994744.0171
10		4.4409e-16				35356847610517.1172
11		2.2204e-16				1234532816741620.0000
12		2.2204e-16				42553993018912920.0000
13		4.4409e-16				778165815188000512.0000