Matrix 
 [[ 1.    0.    0.    0.    2.95]
 [ 0.    1.    0.    0.    1.74]
 [ 0.    0.    1.    0.   -1.45]
 [ 0.    0.    0.    1.    1.32]
 [ 1.   -1.    0.    0.    1.23]
 [ 1.    0.   -1.    0.    4.45]
 [ 1.    0.    0.   -1.    1.61]
 [ 0.    1.   -1.    0.    3.21]
 [ 0.    1.    0.   -1.    0.45]
 [ 0.    0.    1.   -1.   -2.75]]
After QR factorization
R matrix
[[-2.      0.5     0.5     0.5    -5.12  ]
 [ 0.     -1.9365  0.6455  0.6455 -3.4754]
 [ 0.      0.     -1.8257  0.9129  3.8651]
 [ 0.      0.      0.     -1.5811 -2.0776]
 [ 0.     -0.     -0.     -0.      0.0177]
 [ 0.      0.     -0.     -0.      0.0366]
 [ 0.      0.      0.     -0.     -0.0313]
 [-0.      0.     -0.     -0.      0.0089]
 [-0.      0.      0.     -0.      0.0209]
 [-0.     -0.     -0.     -0.      0.022 ]] 

Q matrix
[[-5.000e-01 -1.291e-01 -1.826e-01 -3.162e-01 -4.596e-01 -4.492e-01
  -4.309e-01  1.040e-02  2.870e-02  1.830e-02]
 [ 0.000e+00 -5.164e-01 -1.826e-01 -3.162e-01  4.341e-01 -2.800e-02
  -9.600e-03 -4.620e-01 -4.437e-01  1.830e-02]
 [ 0.000e+00  0.000e+00 -5.477e-01 -3.162e-01  1.170e-02  4.430e-01
  -2.180e-02  4.313e-01 -3.350e-02 -4.648e-01]
 [ 0.000e+00  0.000e+00  0.000e+00 -6.325e-01  1.380e-02  3.420e-02
   4.623e-01  2.040e-02  4.485e-01  4.281e-01]
 [-5.000e-01  3.873e-01 -0.000e+00 -0.000e+00  7.234e-01 -1.447e-01
  -1.447e-01  1.319e-01  1.319e-01  0.000e+00]
 [-5.000e-01 -1.291e-01  3.651e-01 -0.000e+00 -1.322e-01  7.231e-01
  -1.477e-01 -1.448e-01 -1.560e-02  1.292e-01]
 [-5.000e-01 -1.291e-01 -1.826e-01  3.162e-01 -1.316e-01 -1.291e-01
   7.233e-01  2.500e-03 -1.451e-01 -1.475e-01]
 [ 0.000e+00 -5.164e-01  3.651e-01  0.000e+00  1.444e-01 -1.323e-01
  -3.000e-03  7.233e-01 -1.474e-01  1.292e-01]
 [ 0.000e+00 -5.164e-01 -1.826e-01  3.162e-01  1.449e-01  1.550e-02
  -1.320e-01 -1.294e-01  7.231e-01 -1.475e-01]
 [ 0.000e+00  0.000e+00 -5.477e-01  3.162e-01  5.000e-04  1.478e-01
  -1.290e-01  1.473e-01 -1.295e-01  7.232e-01]] 

Q X R=A
[[ 1.0000e+00  0.0000e+00  0.0000e+00 -1.0000e-04  2.9499e+00]
 [ 0.0000e+00  1.0000e+00  0.0000e+00 -1.0000e-04  1.7398e+00]
 [ 0.0000e+00  0.0000e+00  9.9990e-01 -1.0000e-04 -1.4500e+00]
 [ 0.0000e+00  0.0000e+00  0.0000e+00  1.0000e+00  1.3201e+00]
 [ 1.0000e+00 -1.0000e+00  0.0000e+00  0.0000e+00  1.2299e+00]
 [ 1.0000e+00  0.0000e+00 -9.9990e-01 -0.0000e+00  4.4498e+00]
 [ 1.0000e+00  0.0000e+00  0.0000e+00 -1.0000e+00  1.6100e+00]
 [ 0.0000e+00  1.0000e+00 -9.9990e-01 -0.0000e+00  3.2099e+00]
 [ 0.0000e+00  1.0000e+00  0.0000e+00 -1.0000e+00  4.5000e-01]
 [ 0.0000e+00  0.0000e+00  9.9990e-01 -9.9990e-01 -2.7499e+00]]

C matrix
[-5.12   -3.4754  3.8651 -2.0776] 

x_true	x_head			x_delta
2.95	2.96			0.0100
1.74	1.75			0.0100
-1.45	-1.46			-0.0100
1.32	1.31			-0.0100